##TITLE= Parameter file, TopSpin 3.6.2
##JCAMPDX= 5.0
##DATATYPE= Parameter Values
##NPOINTS= 1	$$ modification sequence number
##ORIGIN= Bruker BioSpin GmbH
##OWNER= ead17
$$ 2021-02-11 16:45:24.710 +0100  ead17@CZC02583BQ
$$ /opt/nmrdata/data/ead17/nmr/8GC_dextrandp5/106/pdata/1/clevels
$$ process /opt/topspin3.6.2/prog/mod/dirdata
##$LEVELS= (0..255)
181760 218112 261734.4 314081.3 376897.5 452277 542732.5 651278.9 781534.7
937841.7 1125410 1350492 1620590.4 1944708.5 2333650.2 2800380.2 3360456.3
4032547.5 4839057.1 5806868.5 6968242.2 8361890.6 10034268.7 12041122.5
14449346.9 17339216.3 20807059.6 24968471.5 29962165.8 35954599 43145518.8
51774622.6 0 0 0 0 0 0 0 0 0 0 0 0 0 0 0 0 0 0 0 0 0 0 0 0 0 0 0 0 0 0
0 0 0 0 0 0 0 0 0 0 0 0 0 0 0 0 0 0 0 0 0 0 0 0 0 0 0 0 0 0 0 0 0 0 0 0
0 0 0 0 0 0 0 0 0 0 0 0 0 0 0 0 0 0 0 0 0 0 0 0 0 0 0 0 0 0 0 0 0 0 0 0
0 0 0 0 0 0 0 0 0 0 0 0 0 0 0 0 0 0 0 0 0 0 0 0 0 0 0 0 0 0 0 0 0 0 0 0
0 0 0 0 0 0 0 0 0 0 0 0 0 0 0 0 0 0 0 0 0 0 0 0 0 0 0 0 0 0 0 0 0 0 0 0
0 0 0 0 0 0 0 0 0 0 0 0 0 0 0 0 0 0 0 0 0 0 0 0 0 0 0 0 0 0 0 0 0 0 0 0
0 0 0 0 0 0 0 0 0 0 0 0 0 0
##$LEVSIGN= 1
##$MAXLEV= 64
##$METHOD= 0
##$NEGBASE= -181760
##$NEGINCR= 1.8
##$POSBASE= 181760
##$POSINCR= 1.2
##END=
