##TITLE= Parameter file, TopSpin 3.6.2
##JCAMPDX= 5.0
##DATATYPE= Parameter Values
##NPOINTS= 1	$$ modification sequence number
##ORIGIN= Bruker BioSpin GmbH
##OWNER= ead17
$$ 2021-02-09 16:25:22.627 +0100  ead17@CZC02583BQ
$$ /opt/nmrdata/data/ead17/nmr/8GC_dextrandp5/4/pdata/1/clevels
$$ process /opt/topspin3.6.2/prog/mod/dirdata
##$LEVELS= (0..255)
76420.7 91704.8 110045.8 132055 158466 190159.2 228191 273829.2 328595
394314 473176.8 567812.2 681374.6 817649.6 981179.5 1177415.4 1412898.4
1695478.1 2034573.8 2441488.5 2929786.2 3515743.5 4218892.2 5062670.6 6075204.7
7290245.7 8748294.8 10497953.7 12597544.5 15117053.4 18140464.1 21768556.9
0 0 0 0 0 0 0 0 0 0 0 0 0 0 0 0 0 0 0 0 0 0 0 0 0 0 0 0 0 0 0 0 0 0 0 0
0 0 0 0 0 0 0 0 0 0 0 0 0 0 0 0 0 0 0 0 0 0 0 0 0 0 0 0 0 0 0 0 0 0 0 0
0 0 0 0 0 0 0 0 0 0 0 0 0 0 0 0 0 0 0 0 0 0 0 0 0 0 0 0 0 0 0 0 0 0 0 0
0 0 0 0 0 0 0 0 0 0 0 0 0 0 0 0 0 0 0 0 0 0 0 0 0 0 0 0 0 0 0 0 0 0 0 0
0 0 0 0 0 0 0 0 0 0 0 0 0 0 0 0 0 0 0 0 0 0 0 0 0 0 0 0 0 0 0 0 0 0 0 0
0 0 0 0 0 0 0 0 0 0 0 0 0 0 0 0 0 0 0 0 0 0 0 0 0 0 0 0 0 0 0 0 0 0 0 0
0 0 0 0 0 0 0 0
##$LEVSIGN= 1
##$MAXLEV= 64
##$METHOD= 0
##$NEGBASE= -76420.7
##$NEGINCR= 1.8
##$POSBASE= 76420.7
##$POSINCR= 1.2
##END=
